nNurses=20;
minHours=24;
maxHours=24;
maxConsec=24;
maxPresence=24;
demand=[9.67870416676 11.1963510095 9.71019012 10.2914936605 11.2134638765 12.6718448275 10.152630183 11.0913368367 8.21423409766 12.2493562006 5.2535027602 14.3535839118 9.02343508225 7.5326841248 11.1671885902 12.3170301471 10.383318882 8.83086270557 13.0354172301 7.99211733973 8.3944711954 11.5173752852 9.43904084861 9.6332783359];